1865
198
92
879
585
553
950
87
767
362
1192
927
1626
1927
1359
1840
518
624
127
824
1404
770
628
1174
1532
1082
1752
1026
86
588
1342
920
1816
1424
1766
192
456
106
282
849
1059
696
189
826
1416
1786
1279
1468
645
1166
428
1382
615
245
435
1013
1595
133
8
701
931
413
1542
166
1517
1278
451
835
665
821
1521
1345
1429
1157
1770
846
1960
221
1190
772
1086
176
30
1593
1667
1182
200
594
1978
1438
1216
1976
110
1354
1568
368
1546
1004
593
1187
1247
1435
1431
1866
1371
1709
267
914
909
549
1524
108
1647
987
1033
24
208
1762
409
1189
858
481
613
295
301
223
51
45
339
1284
564
603
1180
1300
1181
1417
1369
823
1820
1503
1418
271
1930
468
1691
1227
810
895
558
151
1083
253
1167
1361
1074
78
1540
1514
967
1984
1621
1722
1374
1697
1115
637
98
924
175
1103
1229
107
1605
1245
1891
855
718
1969
425
347
1611
1758
903
1845
604
38
360
968
1613
774
139
1988
145
304
1041
1211
1325
361
193
269
7
1610
1076
283
1085
190
480
365
1535
1829
170
94
1516
1618
709
1449
1109
1971
1718
1113
1326
96
160
250
202
488
1136
1824
1139
1505
990
1953
1855
1405
463
1491
1750
1257
1902
1732
1302
462
1808
799
1002
1441
755
1496
675
489
330
335
1671
1222
505
891
1158
1268
926
318
1684
1638
345
1943
1931
1282
733
289
794
723
1223
1617
1625
342
404
375
781
16
1539
1670
62
291
437
414
1320
1724
1603
816
1987
809
1001
1264
535
126
1016
1948
1225
506
1805
539
382
707
1660
557
1143
1215
1392
739
814
247
682
352
1569
906
983
1262
1172
929
149
1044
679
1248
1141
1333
103
1283
1921
1776
869
769
688
1132
1798
671
796
1947
351
1413
447
1445
775
1702
1826
212
1614
952
1637
364
1395
1885
1536
684
1056
1212
400
521
1680
870
1974
1669
1574
1393
1422
1031
1324
1572
635
1446
1712
1307
231
1323
1293
1870
1065
89
1287
1494
1864
320
1753
1198
883
186
1332
1878
1890
1673
1120
692
1500
37
408
1746
1651
725
978
470
531
1796
1054
341
1140
1304
721
475
237
798
1668
336
1397
246
1071
308
562
273
670
1308
421
1904
444
1383
1079
512
1178
1894
1050
643
1460
1773
354
1419
1254
1252
1400
216
1012
1641
220
1274
1067
885
710
790
856
1312
1850
1571
1676
1251
1171
331
569
963
46
773
239
317
204
1534
1980
1390
1118
1942
222
791
298
1057
1949
1986
1220
294
0
1195
1311
1928
392
1069
1918
1622
1440
1745
1034
147
1738
471
779
1487
1497
1146
749
912
1635
1685
572
1527
1387
1877
1998
939
1049
1916
964
595
1554
1713
116
751
1922
1314
25
813
1899
337
374
1682
1474
936
719
1606
1470
1814
1727
153
1092
1338
1244
765
884
1760
655
1628
1889
115
1414
1966
1704
125
1832
402
88
611
396
1807
1476
1587
1488
1837
137
1785
1385
1188
1081
119
1977
1396
415
827
1061
1042
726
1909
1731
1886
817
1411
68
510
1675
91
433
592
738
1694
756
1778
1087
373
654
1825
1683
868
1029
1830
1812
1589
1703
1982
806
979
1298
900
79
1659
801
1725
946
1019
1839
1408
1122
591
976
1740
1835
1672
1842
1543
706
1259
100
962
877
1781
111
1363
1528
319
616
1462
131
424
1495
1818
757
1813
290
925
713
261
412
118
861
1914
1800
898
268
297
661
1150
1997
859
729
439
1347
1447
691
48
768
240
1690
142
608
568
1557
1604
720
850
377
1365
598
1748
1469
689
514
1693
1677
832
1005
663
1318
1053
1299
1037
215
1126
911
961
445
1467
866
260
316
1364
57
1975
42
825
570
146
398
1872
174
700
391
1125
33
735
1710
76
440
540
974
434
370
1096
1827
214
1199
275
321
582
580
1193
1434
1804
113
649
1756
1577
348
1871
625
1078
63
1261
1246
1322
338
197
195
369
1439
1289
993
82
1239
1519
225
1372
285
1391
55
1582
388
1137
201
502
1479
843
888
431
80
227
998
1197
99
1465
459
1601
1562
249
1741
432
634
410
1028
971
933
1436
1642
890
248
1230
1564
130
288
1728
40
1023
1755
1358
120
638
1349
265
857
498
573
56
590
656
1377
1450
1123
1661
259
563
538
159
205
81
1513
1089
1018
1428
1558
1412
589
1101
800
1336
300
324
60
919
666
1339
1941
1376
760
907
1874
703
1939
958
1242
657
332
1695
1520
1147
1726
949
1427
61
577
199
495
1616
1060
1402
520
1924
559
274
1055
536
797
1525
1022
683
1203
381
1330
762
1767
788
311
970
1880
1643
443
872
1398
105
622
1893
1860
9
904
207
1995
1843
513
727
1654
281
1563
819
129
609
232
1168
47
544
1518
59
1851
1148
1454
1099
11
486
393
493
1533
529
1898
1011
1612
650
745
960
1008
1580
803
1881
286
1715
254
839
405
1117
1107
449
35
1226
366
828
474
699
669
1030
766
296
636
742
560
1253
1757
619
1100
1994
1331
711
1068
1341
1234
194
875
1734
313
1545
1515
1802
1271
1020
845
357
807
1130
853
1403
309
1853
1407
1792
1749
1594
69
1522
117
754
922
1035
233
416
647
1833
1272
180
234
287
1717
1883
935
841
1351
243
1964
6
542
996
491
1552
1644
1315
1134
985
1471
1048
1566
605
1124
34
50
399
1062
1859
